start=1092.844000
volume=98.000000
fullscreen=yes
aid=1
